1000 0.003081
1100 0.00317939
1200 0.00378566
1300 0.00467444
1400 0.00398257
1500 0.00421591
1600 0.0045215
1700 0.00481677
1800 0.00606024
1900 0.0108091
2000 0.0109987
2100 0.0113073
2200 0.0116257
2300 0.0118605
2400 0.0121593
2500 0.0124823
2600 0.012808
2700 0.013124
2800 0.01336
2900 0.0136572
3000 0.0139891
3100 0.0142908
3200 0.0145965
3300 0.0148331
3400 0.0151401
3500 0.0154963
3600 0.0157644
3700 0.0268158
3800 0.0271287
3900 0.0274113
4000 0.0277968
4100 0.0280315
4200 0.0283034
4300 0.0286606
4400 0.0287823
4500 0.0290978
4600 0.0293849
4700 0.0297785
4800 0.0300928
4900 0.0303589
5000 0.0306352
5100 0.030964
5200 0.0312474
5300 0.0315832
5400 0.0319475
5500 0.0321901
5600 0.0324849
5700 0.0326823
5800 0.0329969
5900 0.0333854
6000 0.0335687
6100 0.0339211
6200 0.0342211
6300 0.0345036
6400 0.0348268
6500 0.0351325
6600 0.0355186
6700 0.0358048
6800 0.036147
6900 0.0363487
7000 0.036604
7100 0.0370071
7200 0.0372457
7300 0.0375954
7400 0.0597261
7500 0.0601628
7600 0.0603506
7700 0.060713
7800 0.0609144
7900 0.0611735
8000 0.0615767
8100 0.0619508
8200 0.0622604
8300 0.0623175
8400 0.0625434
8500 0.0629481
8600 0.063174
8700 0.063545
8800 0.0638791
8900 0.0641841
9000 0.0645367
9100 0.0647172
9200 0.0649279
9300 0.0653131
9400 0.0655756
9500 0.0658933
9600 0.0663382
9700 0.0665936
9800 0.066698
9900 0.0671498
10000 0.0671824
10100 0.0677391
10200 0.0680531
10300 0.0682516
10400 0.068552
10500 0.0686933
10600 0.0691822
10700 0.0695068
10800 0.0696782
10900 0.0701185
11000 0.0704909
11100 0.0706928
11200 0.0707763
11300 0.0715122
11400 0.0717592
11500 0.0718587
11600 0.0724376
11700 0.0726465
11800 0.0729653
11900 0.0734404
12000 0.0735109
12100 0.0739147
12200 0.0741695
12300 0.0746643
12400 0.075029
12500 0.0751214
12600 0.0754049
12700 0.0756513
12800 0.0759705
12900 0.0763743
13000 0.0764528
13100 0.076887
13200 0.0772647
13300 0.0775475
13400 0.0779604
13500 0.0778846
13600 0.0785436
13700 0.0788342
13800 0.0790585
13900 0.0792978
14000 0.0795378
14100 0.0801511
14200 0.0814771
14300 0.0811799
14400 0.0813675
14500 0.0814942
14600 0.0816879
14700 0.0818623
14800 0.0821479
14900 0.0821801
15000 0.128967
15100 0.128063
15200 0.130428
15300 0.131331
15400 0.128844
15500 0.129156
15600 0.130738
15700 0.130601
15800 0.130323
15900 0.130159
16000 0.130833
16100 0.130469
16200 0.132105
16300 0.13155
16400 0.13207
16500 0.1322
16600 0.13241
16700 0.132926
16800 0.13448
16900 0.13404
17000 0.134398
17100 0.134915
17200 0.134742
17300 0.134785
17400 0.135556
17500 0.135574
17600 0.135869
17700 0.136312
17800 0.136688
17900 0.136814
18000 0.13749
18100 0.137721
18200 0.137824
18300 0.138002
18400 0.138341
18500 0.138737
18600 0.142024
18700 0.138816
18800 0.138649
18900 0.139154
19000 0.147987
19100 0.140812
19200 0.140698
19300 0.140511
19400 0.141002
19500 0.147934
19600 0.145406
19700 0.14201
19800 0.142001
19900 0.142557
20000 0.144507
