1000 8.91e-07
1100 3.72e-07
1200 4.76e-07
1300 1.79e-07
1400 3.61e-07
1500 2.5e-07
1600 4.12e-07
1700 2.13e-07
1800 4.66e-07
1900 4.67e-07
2000 3.11e-07
2100 3.7e-07
2200 2.98e-07
2300 2.91e-07
2400 3.21e-07
2500 4.03e-07
2600 2.88e-07
2700 3.55e-07
2800 3.52e-07
2900 7.71e-07
3000 4.61e-07
3100 2.27e-07
3200 3.6e-07
3300 2.53e-07
3400 3.02e-07
3500 8.63e-07
3600 4.08e-07
3700 4.71e-07
3800 7.97e-07
3900 7.07e-07
4000 9.49e-07
4100 4.59e-07
4200 4.25e-07
4300 2.46e-07
4400 5.4e-07
4500 1.59e-07
4600 4.66e-07
4700 4.62e-07
4800 3.62e-07
4900 2.78e-07
5000 6.49e-07
5100 2.58e-07
5200 6.1e-07
5300 4.17e-07
5400 6.36e-07
5500 3.17e-07
5600 4.21e-07
5700 2.69e-07
5800 2.2e-07
5900 6.78e-07
6000 4.2e-07
6100 4.5e-07
6200 1.14e-06
6300 5.45e-07
6400 5.81e-07
6500 2.53e-07
6600 4.14e-07
6700 4.68e-07
6800 3.45e-07
6900 2.72e-07
7000 4.53e-07
7100 2.75e-07
7200 2.26e-07
7300 5.57e-07
7400 6.37e-07
7500 3.97e-07
7600 7.37e-07
7700 2.05e-07
7800 4.86e-07
7900 3.05e-07
8000 5.41e-07
8100 5.88e-07
8200 4.05e-07
8300 4.14e-07
8400 4.55e-07
8500 4.15e-07
8600 5.94e-07
8700 5.4e-07
8800 4.89e-07
8900 7.25e-07
9000 9.22e-07
9100 5.22e-07
9200 2.9e-07
9300 4.41e-07
9400 1.96e-07
9500 5.24e-07
9600 6.72e-07
9700 3.51e-07
9800 1.44e-07
9900 4.94e-07
10000 5.86e-07
10100 1.73e-07
10200 3.04e-07
10300 4.66e-07
10400 4.64e-07
10500 1.96e-07
10600 4.24e-07
10700 6.75e-07
10800 9.4e-08
10900 2.77e-07
11000 3.98e-07
11100 5.48e-07
11200 1.63e-07
11300 4.23e-07
11400 5.88e-07
11500 7.47e-07
11600 7.21e-07
11700 4.59e-07
11800 3.76e-07
11900 2.41e-07
12000 3.74e-07
12100 3.35e-07
12200 5.26e-07
12300 6.81e-07
12400 3.6e-07
12500 4.7e-07
12600 3.17e-07
12700 4.95e-07
12800 6.79e-07
12900 3.33e-07
13000 6.97e-07
13100 8.31e-07
13200 8.99e-07
13300 5.26e-07
13400 3.55e-07
13500 3.64e-07
13600 4.09e-07
13700 5.54e-07
13800 6.96e-07
13900 3.85e-07
14000 7.31e-07
14100 9.26e-07
14200 4.19e-07
14300 7.01e-07
14400 7.35e-07
14500 6.4e-07
14600 6.28e-07
14700 2.19e-07
14800 2.52e-07
14900 5.81e-07
15000 5.97e-07
15100 5.56e-07
15200 5.23e-07
15300 4.9e-07
15400 3.9e-07
15500 6e-07
15600 3.45e-07
15700 6.32e-07
15800 4.82e-07
15900 4.25e-07
16000 4.83e-07
16100 6.26e-07
16200 7.98e-07
16300 4.24e-07
16400 7.34e-07
16500 5.87e-07
16600 1.56e-07
16700 6.81e-07
16800 6.65e-07
16900 6.52e-07
17000 3.15e-07
17100 3.96e-07
17200 7.53e-07
17300 5.3e-07
17400 7.41e-07
17500 2.26e-07
17600 4.84e-07
17700 3.12e-07
17800 3.05e-07
17900 8.74e-07
18000 5.94e-07
18100 1.87e-07
18200 5.19e-07
18300 4.69e-07
18400 5.09e-07
18500 5.29e-07
18600 6.41e-07
18700 5.36e-07
18800 9.91e-07
18900 4.26e-07
19000 5.49e-07
19100 7.29e-07
19200 5.96e-07
19300 4.92e-07
19400 6.51e-07
19500 5.67e-07
19600 7.16e-07
19700 2.34e-07
19800 1.11e-06
19900 3.77e-07
20000 5.98e-07
